
% head

kmhead{ 1} = [3 4];
kmhead{ 2} = [4 5];
kmhead{ 3} = [1 4 6 8];
kmhead{ 4} = [1 2 3 5 7];
kmhead{ 5} = [2 4 10];
kmhead{ 6} = [3 9];
kmhead{ 7} = [4 10];
kmhead{ 8} = [3 9];
kmhead{ 9} = [6 8 10];
kmhead{10} = [5 7 9];

% body

kmbod{ 1} = [2 3 4];
kmbod{ 2} = [1 3 4];
kmbod{ 3} = [1 2 4 5 6 8];
kmbod{ 4} = [1 2 3 5 6 7];
kmbod{ 5} = [3 4 6 7 8];
kmbod{ 6} = [3 4 5 7 8];
kmbod{ 7} = [4 5 6 8 9 10];
kmbod{ 8} = [5 6 7 9 10];
kmbod{ 9} = [7 8 10 11];
kmbod{10} = [7 8 9 11];
kmbod{11} = [9 10];
